CCSD3ZS00001$$sclk$$NJPL3KS0L015$$scet$$
MISSION_NAME=DSN_TEST_SPACECRAFT;
SPACECRAFT_NAME=DSN_TEST_SPACECRAFT;
DATA_SET_ID=SCLK_SCET;
FILE_NAME=sclkscet.99;
PRODUCT_CREATION_TIME=2007-093T12:04:01.000;
PRODUCT_VERSION_ID=00021;
PRODUCER_ID=DSMS_TIME_SERVICES;
APPLICABLE_START_TIME=2000-001T11:58:55.816;
APPLICABLE_STOP_TIME=2008-001T00:00:00.000;
MISSION_ID=99;
SPACECRAFT_ID=99;
CCSD3RE00000$$scet$$NJPL3IS00613$$data$$
*____SCLK0_____    ________SCET0________ _DUT__ __SCLKRATE__ 
          0.000    2000-001T11:58:55.816 64.184  1.000000000
  110886000.000    2003-188T21:38:55.816 64.184  0.999985594
  110887000.000    2003-188T21:55:35.802 64.184  1.000000000
  111026000.000    2003-190T12:32:15.802 64.184  0.999930367
  111027000.000    2003-190T12:48:55.732 64.184  0.999998876
  111192000.000    2003-192T10:38:55.547 64.184  1.000030490
  111193000.000    2003-192T10:55:35.577 64.184  0.999999087
  111459000.000    2003-195T12:48:55.334 64.184  1.000022534
  111460000.000    2003-195T13:05:35.357 64.184  0.999999177
  112111000.000    2003-203T01:55:34.821 64.184  1.000049264
  112112000.000    2003-203T02:12:14.870 64.184  0.999999249
  112745000.000    2003-210T10:02:14.395 64.184  1.000021841 
  112746000.000    2003-210T10:18:54.416 64.184  0.999999319 
  114994000.000    2003-236T10:45:32.885 64.184  1.000476603 
  114995000.000    2003-236T11:02:13.362 64.184  0.999999534 
  116696000.000    2003-256T03:32:12.569 64.184  1.000014269 
  116697000.000    2003-256T03:48:52.584 64.184  0.999999538 
  121932000.000    2003-316T17:58:50.165 64.184  0.999858362 
  121933000.000    2003-316T18:15:30.024 64.184  0.999999513 
  122338000.000    2003-321T10:45:29.827 64.184  1.000405386 
  122339000.000    2003-321T11:02:10.232 64.184  1.000000703 
  122713000.000    2003-325T18:55:30.495 64.184  0.999540109 
  122714000.000    2003-325T19:12:10.035 64.184  0.999999484 
  128538000.000    2004-028T04:58:47.030 64.184  1.000349691 
  128539000.000    2004-028T05:15:27.380 64.184  0.999999901 
  129171000.000    2004-035T12:48:47.317 64.184  1.006048452 
  129172000.000    2004-035T13:05:33.366 64.184  1.000009059 
  129521000.000    2004-039T14:02:16.528 64.184  0.999931575 
  129522000.000    2004-039T14:18:56.459 64.184  1.000008590 
  129881000.000    2004-043T18:02:19.543 64.184  0.999262343 
  129882000.000    2004-043T18:18:58.805 64.184  1.000005739 
  131747000.000    2004-065T08:22:29.508 64.184  0.997218708 
  131748000.000    2004-065T08:39:06.727 64.184  1.000003688 
  137232000.000    2004-128T19:59:26.952 64.184  0.978216782 
  137233000.000    2004-128T20:15:45.169 64.184  0.999998159 
  143539000.000    2004-201T19:55:33.560 64.184  0.976985821 
  143540000.000    2004-201T20:11:50.545 64.184  0.999994512 
  147623000.000    2004-249T02:21:28.137 64.184  1.003858867 
  147624000.000    2004-249T02:38:11.996 64.184  0.999995683 
  154017000.000    2004-323T02:27:44.397 64.184  1.020396084 
  154018000.000    2004-323T02:44:44.794 64.184  0.999998892 
  154195000.000    2004-325T03:54:44.598 64.184  1.002362542 
  154196000.000    2004-325T04:11:26.960 64.184  1.000002622 
  161118000.000    2005-039T06:58:25.109 64.184  0.981017524 
  161119000.000    2005-039T07:14:46.127 64.184  0.999999927 
  166353000.000    2005-099T21:08:05.745 64.184  1.008610348 
  166354000.000    2005-099T21:24:54.355 64.184  1.000001778 
  166709000.000    2005-104T00:01:34.986 64.184  1.000577682 
  166710000.000    2005-104T00:18:15.564 64.184  1.000002031 
  173012000.000    2005-176T22:51:48.363 64.184  0.998963922 
  173018000.000    2005-177T00:31:42.147 64.184  0.999998814 
  181002000.000    2005-269T10:18:12.678 64.184  1.000906524 
  181007000.000    2005-269T11:41:37.211 64.184  0.999999674 
  188370000.000    2005-354T16:58:14.811 64.184  1.001386894 
  188371000.000    2005-354T17:14:56.198 64.184  0.999999771 
  189345705.000    2006-001T00:00:00.975 64.184  0.000010000 
  189345706.000    2006-001T00:00:00.976 65.184  0.999999771 
  193963000.000    2006-054T10:34:53.919 65.184  0.991558501 
  193964000.000    2006-054T10:51:25.477 65.184  0.999997201 
  196626000.000    2006-085T06:17:58.026 65.184  0.995034749 
  196627000.000    2006-085T06:34:33.061 65.184  0.999995118 
  199468000.000    2006-118T03:44:19.191 65.184  0.994707821 
  199469000.000    2006-118T04:00:53.899 65.184  0.999993149 
  203374000.000    2006-163T08:43:47.146 65.184  0.995015027 
  203375000.000    2006-163T09:00:22.161 65.184  0.999991514 
  217756000.000    2006-329T19:41:40.124 65.184  1.020267255 
  217757000.000    2006-329T19:58:40.391 65.184  0.999993733 
  222110000.000    2007-015T05:08:13.111 65.184  1.019628237 
  222111000.000    2007-015T05:25:12.739 65.184  0.999998298 
  226899000.000    2007-070T15:25:04.590 65.184  1.011968106 
  226900000.000    2007-070T15:41:56.558 65.184  1.000000796 
CCSD3RE00000$$data$$CCSD3RE00000$$sclk$$
